# Camera list with one line of data per camera:
#   CAMERA_ID, MODEL, WIDTH, HEIGHT, PARAMS[]
# Number of cameras: 8
1 SIMPLE_RADIAL 3840 2160 10236.100443912512 1920.0 1080.0 0
2 SIMPLE_RADIAL 3840 2160 10236.100443912512 1920.0 1080.0 0
3 SIMPLE_RADIAL 3840 2160 10236.100443912512 1920.0 1080.0 0
4 SIMPLE_RADIAL 3840 2160 10236.100443912512 1920.0 1080.0 0
5 SIMPLE_RADIAL 3840 2160 10236.100443912512 1920.0 1080.0 0
6 SIMPLE_RADIAL 3840 2160 10236.100443912512 1920.0 1080.0 0
7 SIMPLE_RADIAL 3840 2160 10236.100443912512 1920.0 1080.0 0
8 SIMPLE_RADIAL 3840 2160 10236.100443912512 1920.0 1080.0 0
9 SIMPLE_RADIAL 3840 2160 10236.100443912512 1920.0 1080.0 0
10 SIMPLE_RADIAL 3840 2160 10236.100443912512 1920.0 1080.0 0
11 SIMPLE_RADIAL 3840 2160 10236.100443912512 1920.0 1080.0 0
12 SIMPLE_RADIAL 3840 2160 10236.100443912512 1920.0 1080.0 0
13 SIMPLE_RADIAL 3840 2160 10236.100443912512 1920.0 1080.0 0
14 SIMPLE_RADIAL 3840 2160 10236.100443912512 1920.0 1080.0 0
15 SIMPLE_RADIAL 3840 2160 10236.100443912512 1920.0 1080.0 0
16 SIMPLE_RADIAL 3840 2160 10236.100443912512 1920.0 1080.0 0
17 SIMPLE_RADIAL 3840 2160 10236.100443912512 1920.0 1080.0 0
18 SIMPLE_RADIAL 3840 2160 10236.100443912512 1920.0 1080.0 0
19 SIMPLE_RADIAL 3840 2160 10236.100443912512 1920.0 1080.0 0
20 SIMPLE_RADIAL 3840 2160 10236.100443912512 1920.0 1080.0 0
21 SIMPLE_RADIAL 3840 2160 10236.100443912512 1920.0 1080.0 0
22 SIMPLE_RADIAL 3840 2160 10236.100443912512 1920.0 1080.0 0
23 SIMPLE_RADIAL 3840 2160 10236.100443912512 1920.0 1080.0 0
24 SIMPLE_RADIAL 3840 2160 10236.100443912512 1920.0 1080.0 0
25 SIMPLE_RADIAL 3840 2160 10236.100443912512 1920.0 1080.0 0
26 SIMPLE_RADIAL 3840 2160 10236.100443912512 1920.0 1080.0 0
27 SIMPLE_RADIAL 3840 2160 10236.100443912512 1920.0 1080.0 0
28 SIMPLE_RADIAL 3840 2160 10236.100443912512 1920.0 1080.0 0
29 SIMPLE_RADIAL 3840 2160 10236.100443912512 1920.0 1080.0 0
30 SIMPLE_RADIAL 3840 2160 10236.100443912512 1920.0 1080.0 0
31 SIMPLE_RADIAL 3840 2160 10236.100443912512 1920.0 1080.0 0
32 SIMPLE_RADIAL 3840 2160 10236.100443912512 1920.0 1080.0 0
